wall -3.048 -2.286 -3.048 2.286
wall -3.048 2.286 3.048 2.286
wall 3.048 2.286 3.048 -2.286
wall 3.048 -2.286 -3.048 -2.286

wall 1.59500202655182	2.27264983216960	1.58150202655182	0.773269832169596
wall 1.58150202655182	0.773269832169596	1.68149797344818	0.774170167830404
wall 1.68149797344818	0.774170167830404	1.69499797344818	2.27355016783040
wall 1.69499797344818	2.27355016783040	1.59500202655182	2.27264983216960
wall 1.58802105025844	1.15720460994003	0.373021050258445	1.14070460994003
wall 0.373021050258445	1.14070460994003	0.374378949741555	1.24069539005997
wall 0.374378949741555	1.24069539005997	1.58937894974156	1.25719539005997
wall 1.58937894974156	1.25719539005997	1.58802105025844	1.15720460994003
wall -0.944996303345666	2.29849201005918	-0.962616303345666	0.849562010059181
wall -0.962616303345666	0.849562010059181	-0.862623696654334	0.850777989940819
wall -0.862623696654334	0.850777989940819	-0.845003696654334	2.29970798994082
wall -0.845003696654334	2.29970798994082	-0.944996303345666	2.29849201005918
wall -0.914115375348056	0.800192366476909	-1.85459537534806	0.772052366476909
wall -1.85459537534806	0.772052366476909	-1.85160462465194	0.872007633523091
wall -1.85160462465194	0.872007633523091	-0.911124624651944	0.900147633523091
wall -0.911124624651944	0.900147633523091	-0.914115375348056	0.800192366476909
wall -3.06539835865676	-0.131979968193724	-1.88669835865676	-0.155519968193724
wall -1.88669835865676	-0.155519968193724	-1.88470164134324	-0.255500031806276
wall -1.88470164134324	-0.255500031806276	-3.06340164134324	-0.231960031806276
wall -3.06340164134324	-0.231960031806276	-3.06539835865676	-0.131979968193724
wall -1.93569756868103	-0.206003078072441	-1.94469756868103	-1.11859307807244
wall -1.94469756868103	-1.11859307807244	-1.84470243131897	-1.11760692192756
wall -1.84470243131897	-1.11760692192756	-1.83570243131897	-0.205016921927559
wall -1.83570243131897	-0.205016921927559	-1.93569756868103	-0.206003078072441
wall -0.487646324975913	-2.23720472797988	-0.465136324975913	-0.822144727979879
wall -0.465136324975913	-0.822144727979879	-0.565123675024087	-0.823735272020121
wall -0.565123675024087	-0.823735272020121	-0.587633675024087	-2.23879527202012
wall -0.587633675024087	-2.23879527202012	-0.487646324975913	-2.23720472797988
wall -0.514614450932674	-0.772942657979057	0.721865549067326	-0.760192657979057
wall 0.721865549067326	-0.760192657979057	0.720834450932674	-0.860187342020943
wall 0.720834450932674	-0.860187342020943	-0.515645549067326	-0.872937342020943
wall -0.515645549067326	-0.872937342020943	-0.514614450932674	-0.772942657979057
wall 3.07268830881231	-0.275547844460113	2.15258830881231	-0.248147844460113
wall 2.15258830881231	-0.248147844460113	2.14961169118769	-0.148192155539888
wall 2.14961169118769	-0.148192155539888	3.06971169118769	-0.175592155539888
wall 3.06971169118769	-0.175592155539888	3.07268830881231	-0.275547844460113


% optional walls
line 1.83 -1.0782  1.831 -2.2929
line 1.83 -1.0782  3.0519 -1.087
line -2.5878 2.3187 -2.6068 1.3995

beacon 1.6043, 1.6691   [1 0 0]   22
beacon -0.92913, 1.519 [0 1 0] 30
beacon -2.564, 1.8837 [0 0 1] 29
beacon -2.4792, -0.15239 [0.5 0.5 0] 35
beacon -2.6218, -2.2526 [0.5 0 0.5] 36
beacon -0.49738, -1.633 [0 0.5 0.5] 37
beacon 2.529, -2.2553 [0.5 0.25 0] 21
beacon 2.6231, -0.26033 [0.25 0.5 0] 32

% pt 2.6301 0.85323
line 2.5901 0.81323 2.6701 0.81323
line 2.6701 0.81323 2.6701 0.87323
line 2.6701 0.87323 2.5901 0.87323
line 2.5901 0.87323 2.5901 0.81323

%pt 0.66808 1.7531
line 0.62808 1.7131 0.70808 1.7131
line 0.70808 1.7131 0.70808 1.7931
line 0.70808 1.7931 0.62808 1.7931
line 0.62808 1.7931 0.62808 1.7131

% pt -2.3158 -0.67174
line -2.3558 -0.71174 -2.2758 -0.71174
line -2.2758 -0.71174 -2.2758 -0.63174
line -2.2758 -0.63174 -2.3558 -0.63174
line -2.3558 -0.63174 -2.3558 -0.71174

% pt -1.024 -1.8116
line -1.064 -1.8516 -0.984 -1.8516
line -0.984 -1.8516 -0.984 -1.7716
line -0.984 -1.7716 -1.064 -1.7716
line -1.064 -1.7716 -1.064 -1.8516

% ecpt 2.4376 -1.6857
line 2.3976 -1.6857 2.4776 -1.6857
line 2.4376 -1.7257 2.4376 -1.6457

% ecpt 0.24899 -1.6314
line 0.20899 -1.6314 0.28899 -1.6314
line 0.24899 -1.6714 0.24899 -1.5914

% ecpt 0.37009 0.093475
line 0.33009 0.093475 0.41009 0.093475
line 0.37009 0.053475 0.37009 0.133475

% ecpt -1.8171 1.6966
line -1.8571 1.6966 -1.7771 1.6966
line -1.8171 1.6566 -1.8171 1.7366