% formatting:
% wall x1 y1 x2 y2

wall -3.048 -2.282 3.048 -2.282 
wall 3.048 -2.282 3.048 2.282 
wall -3.048 2.282 3.048 2.282 
wall -3.048 -2.282 -3.048 2.282 
wall 1.8389 1.0621 3.048 1.0621 
wall -0.92381 1.3732 -0.92381 2.282
wall -3.048 -0.44606 -2.139 -0.44606
wall 0.9018  -2.282 0.9018  -0.7592

beacon 2.128 -2.282 [1 0 0] 35
beacon 3.048 -0.47116 [0 1 0] 33 
beacon 1.2265 2.282 [0 0 1] 37
beacon -1.8268 2.2862[.2 0 0] 24 
beacon -3.048 1.0813 [.2 .2 0] 36
beacon -3.048 -1.3582 [.2 0 .2] 32
beacon -1.5334 -2.282[.5 .2 0] 30 
beacon 0.85576 -1.3637 [.5 .5 .2] 22 
beacon 3.048 -1.6804 [0 .5 .2] 25