wall -3.048 -2.286 -3.048 2.286
wall -3.048 2.286 3.048 2.286
wall 3.048 2.286 3.048 -2.286
wall 3.048 -2.286 -3.048 -2.286


wall 1.63000060796555	2.27296494965088	1.61650060796555	0.773584949650879
wall 1.61650060796555	0.773584949650879	1.64649939203445	0.773855050349121
wall 1.64649939203445	0.773855050349121	1.65999939203445	2.27323505034912
wall 1.65999939203445	2.27323505034912	1.63000060796555	2.27296494965088
wall 1.58849631507753	1.19220138298201	0.373496315077533	1.17570138298201
wall 0.373496315077533	1.17570138298201	0.373903684922467	1.20569861701799
wall 0.373903684922467	1.20569861701799	1.58890368492247	1.22219861701799
wall 1.58890368492247	1.22219861701799	1.58849631507753	1.19220138298201
wall -0.909998891003700	2.29891760301775	-0.927618891003700	0.849987603017754
wall -0.927618891003700	0.849987603017754	-0.897621108996300	0.850352396982246
wall -0.897621108996300	0.850352396982246	-0.880001108996300	2.29928239698225
wall -0.880001108996300	2.29928239698225	-0.909998891003700	2.29891760301775
wall -0.913068612604417	0.835176709943073	-1.85354861260442	0.807036709943073
wall -1.85354861260442	0.807036709943073	-1.85265138739558	0.837023290056927
wall -1.85265138739558	0.837023290056927	-0.912171387395583	0.865163290056927
wall -0.912171387395583	0.865163290056927	-0.913068612604417	0.835176709943073
wall -3.06469950759703	-0.166972990458117	-1.88599950759703	-0.190512990458117
wall -1.88599950759703	-0.190512990458117	-1.88540049240297	-0.220507009541883
wall -1.88540049240297	-0.220507009541883	-3.06410049240297	-0.196967009541883
wall -3.06410049240297	-0.196967009541883	-3.06469950759703	-0.166972990458117
wall -1.90069927060431	-0.205657923421732	-1.90969927060431	-1.11824792342173
wall -1.90969927060431	-1.11824792342173	-1.87970072939569	-1.11795207657827
wall -1.87970072939569	-1.11795207657827	-1.87070072939569	-0.205362076578268
wall -1.87070072939569	-0.205362076578268	-1.90069927060431	-0.205657923421732
wall -0.522641897492774	-2.23776141839396	-0.500131897492774	-0.822701418393964
wall -0.500131897492774	-0.822701418393964	-0.530128102507226	-0.823178581606036
wall -0.530128102507226	-0.823178581606036	-0.552638102507226	-2.23823858160604
wall -0.552638102507226	-2.23823858160604	-0.522641897492774	-2.23776141839396
wall -0.514975335279802	-0.807940797393717	0.721504664720198	-0.795190797393717
wall 0.721504664720198	-0.795190797393717	0.721195335279802	-0.825189202606283
wall 0.721195335279802	-0.825189202606283	-0.515284664720198	-0.837939202606283
wall -0.515284664720198	-0.837939202606283	-0.514975335279802	-0.807940797393717
wall 3.07164649264369	-0.240563353338034	2.15154649264369	-0.213163353338034
wall 2.15154649264369	-0.213163353338034	2.15065350735631	-0.183176646661966
wall 2.15065350735631	-0.183176646661966	3.07075350735631	-0.210576646661966
wall 3.07075350735631	-0.210576646661966	3.07164649264369	-0.240563353338034


% optional walls
line 1.83 -1.0782  1.831 -2.2929
line 1.83 -1.0782  3.0519 -1.087
line -2.5878 2.3187 -2.6068 1.3995

beacon 1.6043, 1.6691   [1 0 0]   22
beacon -0.92913, 1.519 [0 1 0] 30
beacon -2.564, 1.8837 [0 0 1] 29
beacon -2.4792, -0.15239 [0.5 0.5 0] 35
beacon -2.6218, -2.2526 [0.5 0 0.5] 36
beacon -0.49738, -1.633 [0 0.5 0.5] 37
beacon 2.529, -2.2553 [0.5 0.25 0] 21
beacon 2.6231, -0.26033 [0.25 0.5 0] 32

% pt 2.6301 0.85323
line 2.5901 0.81323 2.6701 0.81323
line 2.6701 0.81323 2.6701 0.87323
line 2.6701 0.87323 2.5901 0.87323
line 2.5901 0.87323 2.5901 0.81323

%pt 0.66808 1.7531
line 0.62808 1.7131 0.70808 1.7131
line 0.70808 1.7131 0.70808 1.7931
line 0.70808 1.7931 0.62808 1.7931
line 0.62808 1.7931 0.62808 1.7131

% pt -2.3158 -0.67174
line -2.3558 -0.71174 -2.2758 -0.71174
line -2.2758 -0.71174 -2.2758 -0.63174
line -2.2758 -0.63174 -2.3558 -0.63174
line -2.3558 -0.63174 -2.3558 -0.71174

% pt -1.024 -1.8116
line -1.064 -1.8516 -0.984 -1.8516
line -0.984 -1.8516 -0.984 -1.7716
line -0.984 -1.7716 -1.064 -1.7716
line -1.064 -1.7716 -1.064 -1.8516

% ecpt 2.4376 -1.6857
line 2.3976 -1.6857 2.4776 -1.6857
line 2.4376 -1.7257 2.4376 -1.6457

% ecpt 0.24899 -1.6314
line 0.20899 -1.6314 0.28899 -1.6314
line 0.24899 -1.6714 0.24899 -1.5914

% ecpt 0.37009 0.093475
line 0.33009 0.093475 0.41009 0.093475
line 0.37009 0.053475 0.37009 0.133475

% ecpt -1.8171 1.6966
line -1.8571 1.6966 -1.7771 1.6966
line -1.8171 1.6566 -1.8171 1.7366