wall -3.048 -2.286 -3.048 2.286
wall -3.048 2.286 3.048 2.286
wall 3.048 2.286 3.048 -2.286
wall 3.048 -2.286 -3.048 -2.286

wall 1.645 2.2731 1.6315 0.77372
wall 1.5887 1.2072  0.3737 1.1907
wall -0.895 2.2991 -0.91262 0.85017
wall -0.91262 0.85017 -1.8531 0.82203
wall -3.0644 -0.18197 -1.8857 -0.20551
wall -1.8857 -0.20551 -1.8947 -1.1181
wall -0.53764 -2.238 -0.51513 -0.82294 
wall -0.51513 -0.82294 0.72135 -0.81019
wall 3.0712 -0.22557 2.1511 -0.19817

% optional walls
line 1.83 -1.0782  1.831 -2.2929
line 1.83 -1.0782  3.0519 -1.087
line -2.5878 2.3187 -2.6068 1.3995

beacon 1.6043, 1.6691   [1 0 0]   22
beacon -0.92913, 1.519 [0 1 0] 30
beacon -2.564, 1.8837 [0 0 1] 29
beacon -2.4792, -0.15239 [0.5 0.5 0] 35
beacon -2.6218, -2.2526 [0.5 0 0.5] 36
beacon -0.49738, -1.633 [0 0.5 0.5] 37
beacon 2.529, -2.2553 [0.5 0.25 0] 21
beacon 2.6231, -0.26033 [0.25 0.5 0] 32

% pt 2.6301 0.85323
line 2.5901 0.81323 2.6701 0.81323
line 2.6701 0.81323 2.6701 0.87323
line 2.6701 0.87323 2.5901 0.87323
line 2.5901 0.87323 2.5901 0.81323

%pt 0.66808 1.7531
line 0.62808 1.7131 0.70808 1.7131
line 0.70808 1.7131 0.70808 1.7931
line 0.70808 1.7931 0.62808 1.7931
line 0.62808 1.7931 0.62808 1.7131

% pt -2.3158 -0.67174
line -2.3558 -0.71174 -2.2758 -0.71174
line -2.2758 -0.71174 -2.2758 -0.63174
line -2.2758 -0.63174 -2.3558 -0.63174
line -2.3558 -0.63174 -2.3558 -0.71174

% pt -1.024 -1.8116
line -1.064 -1.8516 -0.984 -1.8516
line -0.984 -1.8516 -0.984 -1.7716
line -0.984 -1.7716 -1.064 -1.7716
line -1.064 -1.7716 -1.064 -1.8516

% ecpt 2.4376 -1.6857
line 2.3976 -1.6857 2.4776 -1.6857
line 2.4376 -1.7257 2.4376 -1.6457

% ecpt 0.24899 -1.6314
line 0.20899 -1.6314 0.28899 -1.6314
line 0.24899 -1.6714 0.24899 -1.5914

% ecpt 0.37009 0.093475
line 0.33009 0.093475 0.41009 0.093475
line 0.37009 0.053475 0.37009 0.133475

% ecpt -1.8171 1.6966
line -1.8571 1.6966 -1.7771 1.6966
line -1.8171 1.6566 -1.8171 1.7366

